"H_OBS" "K_OBS" "H_SIGMA" "K_SIGMA" "H_TRUE" "K_TRUE" "P"
0.507848803194106 0.295968175623096 0.001 0.001 0.507416212903834 0.295851008255548 7.62994937921692
-0.026018030701599 0.0392535041881469 0.001 0.001 -0.0252943746666948 0.0398681987474093 27.5791891743071
0.0956358739407312 0.0128616962890292 0.001 0.001 0.0963191123783959 0.0124266536210873 2.62017515392001
-0.397297212268899 0.135777297207291 0.001 0.001 -0.397710743239905 0.13889923837958 33.6692773755605
-0.0160558231560789 -0.0309012306592009 0.001 0.001 -0.0156528045187793 -0.0309761443714835 23.9446916638481
-0.131531533586247 0.261254507021856 0.001 0.001 -0.130415817139501 0.261128176921925 2.11869165339248
0.34607409301882 -0.122604111693541 0.001 0.001 0.345966659114863 -0.125384545209225 59.1045274981179
-0.259503886224378 0.0201864911003773 0.001 0.001 -0.259067506361214 0.0205212050303842 119.445597592579
0.0485485897148356 -0.0560502635160104 0.001 0.001 0.0484131544764674 -0.0562541768202181 1.23196680886578
-0.00814828292085171 -0.0385819643311471 0.001 0.001 -0.00810077045555065 -0.0386209075325202 171.434026895923
0.00635929392727317 0.0165852138602628 0.001 0.001 0.00746236994584102 0.0167545257314761 28.1876937647071
-0.0147017374837396 0.0289197965571001 0.001 0.001 -0.0129638270065678 0.0294565637669761 126.210660765
0.00687653808317762 0.0685476931141372 0.001 0.001 0.00589121185266146 0.069132434132465 43.9387926921929
-0.0261467552186965 0.0930985342561012 0.001 0.001 -0.0252287220263067 0.0957375496923937 11.6782407613391
0.0935996683587532 0.0981722862600158 0.001 0.001 0.0934406819123987 0.0997774689325818 99.7015404474371
0.017624453743385 0.0968135039824019 0.001 0.001 0.0176289091365663 0.0968867723365653 4.57708766829125
-0.0149183391203509 0.0187532160633287 0.001 0.001 -0.0159481906802422 0.0182478027265872 6.23616067157673
-0.310660189155628 0.303047561155714 0.001 0.001 -0.309866604456588 0.303022045916759 87.6523335014514
0.0097858263002865 -0.00458546490860912 0.001 0.001 0.00990085165303281 -0.00518857853819728 3.00667481837085
-0.0147496659346263 -0.105152191238834 0.001 0.001 -0.0166245587788896 -0.107106954753535 28.8249321847702
0.0493580063388345 -0.224818452794491 0.001 0.001 0.048937556569199 -0.22337247680764 1.85340165502248
0.217894369599065 0.455047427874423 0.001 0.001 0.218249810696104 0.454854338373067 3.1314647047386
-0.0102616042016645 -0.0273858435565089 0.001 0.001 -0.0111779925460145 -0.0261483417700632 7.77653329258173
-0.205957536443446 0.236229766684556 0.001 0.001 -0.206466179042466 0.237139716071266 22.5559614456403
0.0327849672775827 0.306154791197898 0.001 0.001 0.0331239435130271 0.305616294112811 2.42647694031355
0.0315753063029286 0.0129070530489724 0.001 0.001 0.0325527297426184 0.0143019120201078 27.6563441598896
-0.19582682546061 -0.183978098709011 0.001 0.001 -0.197560173327891 -0.183409434312996 12.3313909694928
-0.0105559221257489 -0.0159638697992506 0.001 0.001 -0.011705472161383 -0.0165296248645246 1.97332307239152
0.218380212752643 -0.516628679759485 0.001 0.001 0.216346780610936 -0.515705604873054 10.903061576043
-0.0212651729819592 0.0389601113926389 0.001 0.001 -0.0219199310837244 0.0373385920290016 168.451328122516
-0.0378670990135171 0.0241112850017212 0.001 0.001 -0.0362993319074238 0.0250785615103614 1.16272913700945
-0.264099225486899 -0.745543128170404 0.001 0.001 -0.264714222549936 -0.748896342051037 5.1278568953188
-0.00564218147504385 -0.0217473377178859 0.001 0.001 -0.0066899443776821 -0.0212202800421303 312.623291005215
-0.254726918105401 -0.0285102436956988 0.001 0.001 -0.254675316631315 -0.0299631976526015 98.5310433987224
-0.478866765490123 -0.307792305912987 0.001 0.001 -0.479080380744669 -0.307657034476701 2.35512450425458
-0.065601355859554 -0.0906161218779458 0.001 0.001 -0.0652074188961195 -0.0898103739381777 124.604845328455
-0.226786558419008 -0.210257526729629 0.001 0.001 -0.228309251914908 -0.211900996906155 6.81956198475544
0.0143233545316639 -0.0205643873379477 0.001 0.001 0.0151047812853306 -0.0213385617853073 19.4080456938753
0.0912748552863197 -0.0456489834914076 0.001 0.001 0.0916515584054576 -0.0459572472162598 351.08848741491
-0.459780009440436 0.228390781814287 0.001 0.001 -0.459432887648814 0.229627884497121 47.1413075619027
-0.0270022139803702 0.0314439302108989 0.001 0.001 -0.0247322244767533 0.0293999823185605 10.1750281477881
0.165011749906361 -0.377417069180416 0.001 0.001 0.162878328133541 -0.378864484892137 1.30448579765778
0.256543730571501 -0.197083618253241 0.001 0.001 0.256603944351735 -0.196674665382745 27.243832788076
-0.514264481260956 -0.214071835978448 0.001 0.001 -0.513354614171304 -0.211512127571923 36.1347291585838
0.404703326712556 0.451154408903832 0.001 0.001 0.404153333569334 0.451494651819288 29.9879471932555
-0.499082658302874 0.36131852088007 0.001 0.001 -0.498551694298707 0.361400129589812 317.369228506843
-0.0110159194802312 -0.0391171759204851 0.001 0.001 -0.0116260092780457 -0.0402778573595798 5.43948242306129
0.084389471561076 -0.0719414969818347 0.001 0.001 0.0863531072972023 -0.0716543396939756 169.776057993407
0.0195234815609916 0.595035536267616 0.001 0.001 0.0207801120724589 0.593406419831832 9.26154375500158
-0.0736918395259357 0.0394645011401985 0.001 0.001 -0.074035906278471 0.0387043977613101 2.16952921049089
-0.0269239047918981 0.0278478103468571 0.001 0.001 -0.0269381232001706 0.0283991485455244 21.9211865744307
-0.0817632493966321 0.00548434869720745 0.001 0.001 -0.0823142104321102 0.00593056673179628 28.7769889871977
-0.00223213668468809 -0.0187885604148583 0.001 0.001 -0.00044229152980136 -0.0187695509645712 1.38272828287111
-0.0374977119317074 -0.0781001486299021 0.001 0.001 -0.0396726214350198 -0.0782980064324911 6.96662501850847
-0.240613033109363 0.376589386861513 0.001 0.001 -0.240904967019905 0.377653317484072 11.1628427543108
-0.206725890237164 0.369609227240096 0.001 0.001 -0.207160584675626 0.368398520729353 8.00509284717771
0.340668567769467 -0.11268691284492 0.001 0.001 0.342675943878895 -0.111773677373568 2.65466659793265
0.104131129410462 -0.0426420846735483 0.001 0.001 0.104786124314889 -0.0439076639345205 2.10407493146872
0.0657426668669797 -0.457274404807171 0.001 0.001 0.0659100792140049 -0.45760462731531 8.00509140145949
-0.0988078142628086 0.0103990039326971 0.001 0.001 -0.0982060403682362 0.0114931781941404 1.23827951775275
0.0213543156054845 0.00483570753159145 0.001 0.001 0.0200490158015101 0.00530460500303722 128.13393983807
-0.107160063265455 0.51063812365863 0.001 0.001 -0.104977859491624 0.510749716656712 310.670675288509
0.419707355441798 0.454867665684184 0.001 0.001 0.420115775398303 0.454912067148007 86.1257762232151
0.348770845770524 -0.0765746740769818 0.001 0.001 0.348910431272173 -0.074085582183088 2.96783932234955
-0.00391519447762987 -0.000987684703446587 0.001 0.001 -0.00259335931434385 -0.00138779985619722 59.4525107572551
0.0399210869655766 0.0267780890163377 0.001 0.001 0.0384717760727925 0.0267530831980306 4.73860480459135
0.00859952006927861 0.000688533236831027 0.001 0.001 0.00831371715739312 -0.000104181462453428 289.427720037784
0.0269347043141152 0.024679955521775 0.001 0.001 0.0267082265906783 0.0251876040516197 3.80605147477871
-0.0979273049289364 0.015630116014249 0.001 0.001 -0.0983682948613476 0.0167458532570185 1.47325163274038
-0.0198363120541444 0.0457990631632329 0.001 0.001 -0.0192439550162633 0.0464100597128781 12.060264092559
-0.0241901547120795 0.0194379282281557 0.001 0.001 -0.0239852738597666 0.0184157350832751 10.4953455549003
-0.0213596057699912 0.0143173023239758 0.001 0.001 -0.0202503531749887 0.0150167732122582 1.30321444360345
0.0282392363695522 -0.0666722031519504 0.001 0.001 0.0288276039388505 -0.0674351718982981 2.95549960894251
-0.0862457688840189 -0.0264719446729112 0.001 0.001 -0.085171233725028 -0.0272954083775966 27.9542180543923
0.0495790654693691 -0.0136768649454809 0.001 0.001 0.0496813230489361 -0.0122194370341379 4.71553022625459
0.15169138647345 -0.281780903774125 0.001 0.001 0.151555383607619 -0.28117218339011 19.9840056385412
0.0110385464547701 0.0273969376079064 0.001 0.001 0.0116838455528472 0.027527213345593 6.48203510380884
-0.134788010497396 -0.478256327606346 0.001 0.001 -0.133941794920332 -0.478524366925392 3.70848379087779
-0.357769437246473 0.126178718090965 0.001 0.001 -0.358426769746223 0.12769228332045 69.7639243589926
-0.0087436936782656 0.0376580278957209 0.001 0.001 -0.00836471899180172 0.0368649182050381 69.8719847259067
-0.0232769750635272 -0.0548606132259279 0.001 0.001 -0.0227356491559318 -0.0547387632458085 2.3810973001308
0.00786587562841129 -0.111087586659041 0.001 0.001 0.00788788234155718 -0.109856107479015 1.61972868558491
0.668630718701217 0.0240378777389806 0.001 0.001 0.669379217248782 0.0241456773160423 9.24422702947741
-0.0409210402290172 0.0615504512022701 0.001 0.001 -0.0411360512413602 0.0620216692644311 246.111906218653
-0.0679316753103562 0.0299075269464916 0.001 0.001 -0.0684302027836206 0.0300333018311847 3.32763634833141
-0.0198541564216805 0.00539832602110255 0.001 0.001 -0.0185825481584007 0.00680693208876782 54.750747470129
-0.0826275883312115 -0.251642762709352 0.001 0.001 -0.0837688118223767 -0.251822591156297 44.1520233314105
-0.0200109975444844 -0.265131137386682 0.001 0.001 -0.0194457113646583 -0.264852167983931 3.9246831039865
0.0551193371652007 -0.110513765597813 0.001 0.001 0.0546595562410341 -0.110184179402174 75.4157864952631
-0.281017279518278 -0.113035631735218 0.001 0.001 -0.280915538420102 -0.114770131751314 41.4439003928653
0.0392924397568572 0.0650632145927165 0.001 0.001 0.0396844330293181 0.0651771620047682 39.6560659438029
-0.322948049508774 -0.105459847348651 0.001 0.001 -0.322520671515789 -0.10586844663393 98.7134810358909
0.0942224899239553 0.0121118699161532 0.001 0.001 0.0941969542548556 0.0100702758459334 1.80219159945078
-0.447165878004186 -0.0893652753027043 0.001 0.001 -0.446446357858333 -0.0870542635073411 58.9165027072805
-0.0503993587906809 -0.00469735366516441 0.001 0.001 -0.0512315956047962 -0.00405558114851172 12.4059445052546
0.031272141530879 0.0846531385965845 0.001 0.001 0.030985317274247 0.0848908534301785 8.71033041616298
-0.112246833054101 -0.0613674369586409 0.001 0.001 -0.112275004153353 -0.0616475019319991 5.09856211942775
0.0500077683504405 0.0413460586639813 0.001 0.001 0.0487495995397133 0.0412976278175837 1.33959982345196
-0.0114437775381441 -0.0604762075924286 0.001 0.001 -0.0109403011238088 -0.0605837688693083 16.1067835197669
-0.059463444000533 -0.0370487689004609 0.001 0.001 -0.0605347168336596 -0.0373407475056458 117.10246688802
0.0226872003096883 -0.0162659044156167 0.001 0.001 0.0238859734024795 -0.0153532867077218 300.049726695508
0.144698769620707 -0.0852690611069462 0.001 0.001 0.143865075994556 -0.0866594614278989 3.7049532076124
-0.0485406325253949 0.041093463636885 0.001 0.001 -0.0487677746346825 0.0401775929263136 145.666809323409
0.481060304611616 -0.108394663162394 0.001 0.001 0.479766170104717 -0.107458240947095 2.4940558771718
-0.0308978814598289 0.0922584105287139 0.001 0.001 -0.03066849041418 0.093932338016331 2.37024478929946
0.0211319312742069 0.0894251964711597 0.001 0.001 0.0207559337432656 0.0896571764112203 1.41235210532832
-0.024989952788584 0.00811301995049249 0.001 0.001 -0.0238645757016828 0.0079407682103477 17.7411095882302
0.047065683555026 -0.056170920109068 0.001 0.001 0.047856135804979 -0.0556923491878505 4.02485584033843
-0.0468861590802054 0.00573534180770052 0.001 0.001 -0.0485702671309195 0.00549715134833619 274.92053192263
0.285531894294368 -0.0569644558560659 0.001 0.001 0.285828645667709 -0.0570257469179082 125.790871326148
0.00740808506711512 -0.0765193586869836 0.001 0.001 0.00737031164339323 -0.0754524587026636 17.9808651893616
0.326722973667438 -0.338648129754065 0.001 0.001 0.328106965120298 -0.33697632037703 3.10916873409706
0.00696436353434587 0.0642944754421554 0.001 0.001 0.0065891308898373 0.0628936912281611 6.22202325365788
-0.0615539011527615 -0.00165707063696402 0.001 0.001 -0.0609004442595206 -0.000141239147703482 1.01839884382368
-0.163777417320767 0.0258712390330704 0.001 0.001 -0.162871450370366 0.0248881345018409 6.95329120514755
-0.0572365798010394 0.110256804266009 0.001 0.001 -0.0572993817692663 0.107233667379858 112.337522809563
0.0373707156021809 -0.0448387771096429 0.001 0.001 0.0374513037992884 -0.0449851405065417 72.4937359660618
-0.426237883520827 -0.00124568289398137 0.001 0.001 -0.425146811948836 -0.000308232505994915 2.9779337060897
-0.265111018119641 0.348656844988854 0.001 0.001 -0.265625158258162 0.346922473530655 6.91970086307204
-0.0256999860854836 -0.0132334008198554 0.001 0.001 -0.0273425947068618 -0.0167173960763219 5.74507010617907
0.390178713093323 0.167546353233742 0.001 0.001 0.39110964656115 0.16701595117115 2.39663885382525
-0.00400944129076272 -0.0321371184111853 0.001 0.001 -0.00323424585392338 -0.0319531625488343 9.50874493951404
-0.0296157051873049 0.0119816235623215 0.001 0.001 -0.030155090448132 0.0133459662948739 2.19276538978637
-0.0715324457072464 0.0458477178233219 0.001 0.001 -0.0699623245877783 0.0451760566349556 6.11934147410028
-0.0816456237529738 0.0446877015264289 0.001 0.001 -0.0811282057826771 0.0436565384944202 192.043932828279
-0.0522951276646998 -0.0180516431830152 0.001 0.001 -0.0508795638628465 -0.0179893547449926 1.55573771497996
-0.0451527083629966 0.0409646561101085 0.001 0.001 -0.0445899453917356 0.0385558266449582 1.93676507763185
-0.00417957359056924 0.00815270599825094 0.001 0.001 -0.00350098685132293 0.00783661922213717 36.417327172497
-0.00389610231854162 0.265079431368844 0.001 0.001 -0.00563305899692231 0.264392182726286 270.308440921055
-0.0756108952751467 -0.0847327279923054 0.001 0.001 -0.0749498523287595 -0.0852078179556137 10.5052494549899
-0.213540911146915 -0.16607241702411 0.001 0.001 -0.213294873118355 -0.1673275376791 75.0769834407483
-0.0741552437704888 0.0524757712906359 0.001 0.001 -0.0752811579149065 0.0513861111548839 79.1011899093623
0.162744021175019 0.0128920523124237 0.001 0.001 0.16275384296125 0.0145243416903077 37.9898542227329
-0.0266210761040504 -0.0557151670821685 0.001 0.001 -0.0276769377035928 -0.055434593574113 7.65283360988087
-0.0135710542804406 -0.179203523712916 0.001 0.001 -0.0134747056472156 -0.178379575194179 2.20199243467304
0.126707382057656 0.0170531978146426 0.001 0.001 0.126672726321588 0.0176361702596377 1.9950150320645
0.776402070054636 -0.212933311271927 0.001 0.001 0.775852976382263 -0.212108894318106 2.65880683277717
0.0783528842671963 0.0148607228885457 0.001 0.001 0.078293058376388 0.0124908394572943 2.03187018209849
-0.0851995684749416 0.0446847501482373 0.001 0.001 -0.0847765444243878 0.0462560134132603 36.1158699130885
0.0019562182592991 -0.0153323782146991 0.001 0.001 0.00349390427699977 -0.0150356653402461 337.112451361741
0.497104695986147 0.142739345204667 0.001 0.001 0.494825930748663 0.141636702169352 15.6455033791964
-0.050889642606348 -0.0701874750098299 0.001 0.001 -0.0506311237813837 -0.0695503225651302 6.28012599260908
0.0134814644880912 0.0477668679309417 0.001 0.001 0.0121085164333392 0.0498064760669318 127.928737025929
-0.0395663152852943 -0.0212930882746123 0.001 0.001 -0.0387095521892694 -0.0211866022314014 170.175072144687
-0.00519629931412222 0.0459440256507179 0.001 0.001 -0.00584724424844006 0.0474747714713576 1.02557991649544
-0.0197576540391852 -0.0981879028853588 0.001 0.001 -0.0201595129365026 -0.0982273267526664 10.6484196426455
-0.0103120330949318 -0.0756154824978479 0.001 0.001 -0.0106775134285484 -0.076138544768999 1.00945846369362
-0.0521346465395138 -0.000375243716237786 0.001 0.001 -0.0525239275260613 -0.00101910187270423 2.21189766598448
0.0663081074103186 -0.274914070788273 0.001 0.001 0.0669306868064928 -0.276134426757296 1.27566751587177
-0.44026718687893 0.0298022799073685 0.001 0.001 -0.43982400598169 0.0293774163841759 10.5352298751259
0.0672732516768402 -0.0266882098305961 0.001 0.001 0.0671940673661857 -0.0263531068619131 10.7014358964587
-0.0115378446068304 -0.100502739515175 0.001 0.001 -0.0109478297183168 -0.101731911261274 36.7611206390342
0.0626360318770915 -0.0302904288821102 0.001 0.001 0.0624826269106386 -0.0294977097880544 6.89127639038831
0.0231350236504617 0.00987648572279119 0.001 0.001 0.0243995909402288 0.00910103866950864 11.8538686360445
-0.0297112919050883 0.0169906292422703 0.001 0.001 -0.0289648346640565 0.0175599437520157 344.892208778157
-0.000764486808313935 -0.0980847537591389 0.001 0.001 -0.00186715465393498 -0.0982624289046994 1.29991238649373
-0.0612420338589083 -0.0360462289023198 0.001 0.001 -0.0621971355687575 -0.0364180858988307 2.65871187174578
-0.0266700695491225 0.00209057673700047 0.001 0.001 -0.0263236405970515 0.00111366582802542 1.1420372106895
-0.239906751990491 -0.20718549569377 0.001 0.001 -0.238934779038745 -0.207468669555901 182.374781267405
-0.0649679554464932 -0.0276849627204029 0.001 0.001 -0.0646851875703306 -0.0275903064631271 14.3250708378915
0.058359737022147 -0.0156062201355452 0.001 0.001 0.0580682042867939 -0.0144527255970113 58.294954541105
0.330315709684798 0.484409546036759 0.001 0.001 0.33207446566427 0.485048271017451 52.0271585804348
-0.0319197373005279 0.0199595515699695 0.001 0.001 -0.0331103514119607 0.020823660308766 4.29749000040621
-0.227225514460485 0.109754482685982 0.001 0.001 -0.226609376427523 0.108937788965687 44.1692499167519
0.00331375852439429 -0.165146339636037 0.001 0.001 0.00487321189612755 -0.164255938511448 1.27308634484808
0.0300126266038425 0.0808890059067281 0.001 0.001 0.0289189241895615 0.0793771139546793 16.2919367380477
-0.0699940053945688 -0.0408614312352443 0.001 0.001 -0.0703108796710225 -0.0406819275978873 4.44497688024281
-0.0629944145815391 -0.0469465931395717 0.001 0.001 -0.0628029614953809 -0.0467423230741337 2.18182633455108
0.0393704451207044 -0.0330253415065074 0.001 0.001 0.0389729129772608 -0.031150151539432 168.820684706702
-0.0654449270296248 0.047506548201336 0.001 0.001 -0.0657079854130787 0.0473043034209013 101.534561669679
0.380189211877117 -0.293524184982742 0.001 0.001 0.380495041277499 -0.294682091740657 6.58195100168862
-0.0225100309142764 0.019974970291866 0.001 0.001 -0.0234323780986058 0.0197325348438256 60.4401031146464
-0.0216765195026874 -0.0461048919040482 0.001 0.001 -0.0211491947679858 -0.0460769418520592 96.9697224650105
0.410135408343184 -0.295548815516503 0.001 0.001 0.411362269896649 -0.296101636911775 1.45309511838409
0.0316769985866137 0.336949012364606 0.001 0.001 0.0312322895801134 0.336767737349208 1.55168428270393
-0.000345784803712535 -0.0112835303167752 0.001 0.001 0.000768582649667361 -0.0103018374894302 353.80447137122
0.0215018948220505 0.0046935451400234 0.001 0.001 0.0211966111994137 0.00503838671874125 143.53918679864
0.194538220653758 -0.621037278373979 0.001 0.001 0.193624970282701 -0.621155694974204 13.6141244267967
-0.153168338421824 0.148851071928176 0.001 0.001 -0.153909160344729 0.148112383432451 1.13311547489964
0.0793482113728483 -0.0593244013933398 0.001 0.001 0.0784670112009229 -0.0614298552081354 3.55546734135138
0.0480496323999866 0.0676645520642662 0.001 0.001 0.0497059617495088 0.0696389954987217 242.150513762895
0.0396061767690701 -0.0865248523954498 0.001 0.001 0.0391339657296917 -0.0856175732719069 4.5030613398942
0.193603881727626 -0.00117068467514929 0.001 0.001 0.193975432158693 -0.00183869288869987 23.5509307167195
-0.0330041787238386 0.00139149118905931 0.001 0.001 -0.0316139756852459 -0.000209604519101712 47.1325556024664
-0.307428629857109 -0.553674105825585 0.001 0.001 -0.305912058761286 -0.552634609788238 148.172606765087
0.398868001841524 -0.00439143242088988 0.001 0.001 0.398434216583291 -0.0037053826230519 19.8221913967987
-0.0231461206008731 0.0205141929937596 0.001 0.001 -0.0239445414807283 0.022734625900427 348.226284762229
-0.0216349117157437 -0.0276285745134698 0.001 0.001 -0.0206514229925858 -0.0282670908219052 107.440899627461
-0.0183198511895899 0.0340951064161786 0.001 0.001 -0.0173052246867589 0.0338496290571155 1.94546874972002
0.0304724262382397 0.322757942262485 0.001 0.001 0.0300221026001693 0.323556694045927 328.759961203953
0.106977635052279 -0.144482513979624 0.001 0.001 0.105042525413235 -0.144701385927731 133.698869408002
-0.0367834378823881 0.0340931446413398 0.001 0.001 -0.0349978944570615 0.0340171831212538 9.44283805073926
-0.0631317876867367 -0.0106527764996193 0.001 0.001 -0.0625453428456404 -0.0110595739507008 49.9638276024036
0.0274732718745204 0.0231509800398778 0.001 0.001 0.0273582366543217 0.0237543668138777 2.44879578028343
0.250303681882945 0.018434103264406 0.001 0.001 0.250827014694027 0.0179841241964936 343.867082616691
-0.0199225431955622 -0.0207417349373791 0.001 0.001 -0.0222770739243763 -0.0192804103614326 2.05144529089876
-0.0618587726362329 -0.0289765369349828 0.001 0.001 -0.0631181232619482 -0.0303317071115918 12.0154303709894
0.308671818240494 -0.603423577653624 0.001 0.001 0.309090462690763 -0.603486932201558 11.5349041898764
-0.0449028513116983 -0.0105607388257527 0.001 0.001 -0.0446598437405549 -0.00917896957028939 1.43286119172936
-0.00506003675323497 -0.0266004457306879 0.001 0.001 -0.00393540434285011 -0.0259186850119754 1.83901782977448
0.0900281477133876 -0.0948798206748084 0.001 0.001 0.0903488668710227 -0.0944676338693374 11.306913193067
-0.0225843832548069 0.0106209818161082 0.001 0.001 -0.0223513078244256 0.00990406925136944 75.5095552498413
-0.0723920785861711 -0.124335192298904 0.001 0.001 -0.0717161231421494 -0.124625618420392 136.985681194512
0.0419244073189877 0.0355017547199549 0.001 0.001 0.0423521454440055 0.0363885194962575 72.4830500428642
0.0216500286405987 -0.102376851875884 0.001 0.001 0.022059532088534 -0.102846852550894 6.73746806044478
-0.000748650999524736 -0.0297412801866647 0.001 0.001 -0.000624763160709465 -0.0305353476847783 12.8308976387167
0.0305997099248772 0.0590493090300501 0.001 0.001 0.0306673213915555 0.0592139750236197 2.36232857020892
-0.00622490357121739 0.0218567550573628 0.001 0.001 -0.00574672431830704 0.0219520375771255 6.82886560202443
0.160605595680083 -0.0827155198796126 0.001 0.001 0.160840015420167 -0.0827580982785724 30.8288848962977
-0.0852473268903252 -0.0618846677523964 0.001 0.001 -0.0840853219592176 -0.0608135674121799 145.627516532212
0.0183703167074347 0.025960499544265 0.001 0.001 0.017669329218275 0.0276631871143904 2.82295166406971
-0.23753900123943 0.0851397096485755 0.001 0.001 -0.237129889666043 0.0848385794339864 39.0703091667648
0.101194914907229 0.130004344419918 0.001 0.001 0.100429212069813 0.129537085403895 2.42623804844271
-0.0720950660685292 0.0643722727803799 0.001 0.001 -0.0719894021192106 0.0637815203111871 22.0476640536172
-0.00307444588136972 -0.0429847870345271 0.001 0.001 -0.0023996221575707 -0.0422735252681167 1.8461678030667
-0.0801710009707749 -0.0202176862978119 0.001 0.001 -0.0804129071643859 -0.018978411592822 1.3318842994757
-0.000156903952248325 -0.00525510281214912 0.001 0.001 0.00193683234924544 -0.00598817245325723 97.070288526716
0.013937674017588 -0.0660100367381491 0.001 0.001 0.0145652258186359 -0.0655994170832582 3.09048506645926
-0.0137153776785473 0.0877547161879375 0.001 0.001 -0.0131969088618696 0.0878456259463843 1.26109232263396
-0.0653299465339346 -0.0163367502098041 0.001 0.001 -0.0660288694785695 -0.0181093326392371 6.98162336822608
-0.0138174493184994 0.0400153308555904 0.001 0.001 -0.0149455109430721 0.0391574106704967 1.62905812004182
0.052744620148338 0.0256312122780815 0.001 0.001 0.0522278155306976 0.0247387521714068 70.1245395214871
0.560784923734224 0.325438344365161 0.001 0.001 0.563264362816806 0.325539683094941 149.323767101202
0.195309924450633 0.278196923708899 0.001 0.001 0.196637749939824 0.278164124814009 16.4560189659964
0.243341899645181 0.350018755258429 0.001 0.001 0.244718353687082 0.349463371305048 9.70973744515375
-0.0807602600327245 0.0126020151552483 0.001 0.001 -0.0818978742241311 0.0123762984323472 7.06072385157757
0.00974339098071393 0.0902056683400548 0.001 0.001 0.00964746641018509 0.0902163808116908 21.4456362460992
-0.00956879295974132 -0.0115856465531607 0.001 0.001 -0.00890490532097095 -0.0142305774283599 9.30686651962122
-0.122239517428871 0.00569558487761335 0.001 0.001 -0.122265757061211 0.00568811178442238 94.5969737293364
-0.0097229167018721 -0.0169753712836298 0.001 0.001 -0.00913689867254348 -0.0173497385218515 195.089922253725
0.0126856094489301 -0.00556430030062664 0.001 0.001 0.0140877977923872 -0.00596607536475412 30.5861019760376
-0.0139509723350546 0.0500362883998203 0.001 0.001 -0.0134626907421356 0.0482164236207494 80.9745549777037
-0.203302057995632 -0.154453433953336 0.001 0.001 -0.203466463651374 -0.154972099374456 29.0452573017666
-0.0724606279983289 -0.0033303744398702 0.001 0.001 -0.0726692380414416 -0.0026028530156128 5.33036756096758
0.0620216115271101 0.0540443022301232 0.001 0.001 0.0604334350848043 0.0551531624262107 50.4400069656978
-0.0599561473766422 -0.0392580807168694 0.001 0.001 -0.0591356151250566 -0.038970200854779 9.94740145685675
-0.0514548360441503 0.0321228447915091 0.001 0.001 -0.0506729233547577 0.0337130762988422 4.26751656133782
0.00985037479375504 -0.0645249790787991 0.001 0.001 0.0091996104574542 -0.0637109610248069 1.17577768382088
-0.0229314192203383 0.0803932760174123 0.001 0.001 -0.0236763791343034 0.0796584617043502 12.5620849428207
-0.0656269502764403 -0.0302118303430767 0.001 0.001 -0.0627223326533329 -0.0296793834872378 42.7881243293012
-0.0155391093577583 -0.0482643644965182 0.001 0.001 -0.0160760358252942 -0.0462191089912979 8.93389565788735
0.50597952662611 -0.0512239693738104 0.001 0.001 0.506404894568723 -0.0494861808876265 17.6781841976536
0.209286245497466 0.320267758235824 0.001 0.001 0.209192714029465 0.320866030437623 59.2959850572791
-0.0628886951361683 0.020605172078177 0.001 0.001 -0.0618667485998111 0.0203033710275265 29.5833112833148
-0.405798667806797 -0.319646916517316 0.001 0.001 -0.406366173446213 -0.319469014783986 1.28221383424674
-0.0813226975889904 0.249080635993501 0.001 0.001 -0.0799181296823392 0.249117987361083 1.32732796248726
0.385052131060736 0.732299466730556 0.001 0.001 0.384039807589637 0.732891473386106 17.7457992473749
0.0377971131518406 -0.0439979826339358 0.001 0.001 0.0370544549605874 -0.0452041714245517 1.67902574585597
-0.0124289615429704 0.0247448770765356 0.001 0.001 -0.0130799615953957 0.0248391896135891 8.86221810878215
-0.0516839753128475 0.0154067194739504 0.001 0.001 -0.0523484688778824 0.0163779259726985 1.35399926816318
0.0324639130553922 0.035762270218621 0.001 0.001 0.0329887161967744 0.0371446714592204 2.88960699452899
0.0264390365351583 -0.00596950024304285 0.001 0.001 0.0248076521817378 -0.00541714737524348 210.883485606751
-0.0495952432759176 0.0518727808001562 0.001 0.001 -0.0502955143138142 0.0505417181848121 7.68393714025725
-0.0359885037350161 0.0824425696200275 0.001 0.001 -0.0328677315942338 0.0836642921871718 3.37189000422964
-0.473799397809416 -0.194672468252307 0.001 0.001 -0.47445471370739 -0.193024618840001 2.39153704099957
-0.380351859249937 -0.0954436945412579 0.001 0.001 -0.381006313888984 -0.0955570021377402 3.74020406999996
0.125356709872209 -0.0264850941310785 0.001 0.001 0.125500186926045 -0.0270624985097477 12.1901902955704
0.0288774316683596 -0.0315308329264436 0.001 0.001 0.0286811412762211 -0.0304668869105258 2.90266790883006
0.0352019350814607 -0.0701129062146617 0.001 0.001 0.0347947212079427 -0.0713899920371353 178.234045510232
0.040137044809453 -0.0480623030478616 0.001 0.001 0.0398682938417333 -0.0489378265840901 1.90257931393927
0.105795965802183 -0.430436081651268 0.001 0.001 0.108034168174912 -0.430014725749639 23.6713859696719
0.445080062019993 0.712867541100388 0.001 0.001 0.445672367627691 0.712839905759376 9.17843274214144
-0.0737122945356016 -0.0123244485224781 0.001 0.001 -0.0727382224634879 -0.0122226310036455 2.48569295663231
-0.119725666874042 0.214821599075495 0.001 0.001 -0.120181398209494 0.212811613807623 4.66529345981622
0.0672535761698602 -0.0041860081904796 0.001 0.001 0.066354412259605 -0.00336595079891475 1.05676829013988
-0.013368759043643 -0.0529025211247912 0.001 0.001 -0.0135709497491521 -0.0545670218942722 254.040186087111
0.0801944896915479 0.0300535411692016 0.001 0.001 0.0803180525677524 0.030221205470267 2.31655137581003
0.077162287569145 0.0172806815695432 0.001 0.001 0.0774820177383597 0.0173544661165918 1.34979191333055
0.028259906163556 -0.0292892840038231 0.001 0.001 0.0297141334185674 -0.0307338462161011 17.0122652883984
0.0248932633189907 0.0567726533181106 0.001 0.001 0.0239462594502158 0.0574172762027707 2.52252205830265
-0.146239592309006 0.114348663112006 0.001 0.001 -0.146032838894677 0.114948456085797 45.1794321310012
-0.0109161194520993 -0.000175448300687713 0.001 0.001 -0.00927706120349607 -0.000897632921697405 1.35150411817214
0.0192926271777202 -0.034812463840947 0.001 0.001 0.0190000601641447 -0.0366749849196052 69.0604497190326
-0.0182078145161628 0.00401142875684867 0.001 0.001 -0.0187298610427049 0.00463233619143309 3.58150740050343
-0.283354288571646 0.14875799897319 0.001 0.001 -0.284210673544359 0.147863677291646 4.04611817577888
0.088313529707811 0.0421728962506456 0.001 0.001 0.089400673862799 0.0432334139063557 13.293956809348
0.0573375576839852 -0.143608706133444 0.001 0.001 0.0585241144355513 -0.14426613803902 17.6099869602725
0.0239087130904437 0.0272879172439112 0.001 0.001 0.0229625047590491 0.0267825091415874 3.50247815774989
-0.0169428266869419 -0.0178382324636342 0.001 0.001 -0.0168752141784222 -0.0191532619176534 4.74400239913515
0.000264623321027937 -0.00130213652294732 0.001 0.001 -0.000346804941632606 -0.000462711222878612 117.231904252335
0.379984585978808 0.0673718929382435 0.001 0.001 0.38105829769392 0.0675083328959161 1.23691586664931
0.00098373986799852 0.0321632583442267 0.001 0.001 0.000284174982127203 0.0316502416864596 70.1323133150191
-0.06724188991994 0.00826562050036692 0.001 0.001 -0.0677992904084166 0.00607755930226126 1.76983318510623
0.0334778146337191 0.027394491572272 0.001 0.001 0.0348202237767837 0.0271740211572825 103.559050489142
0.0200442521705503 0.0632066292079085 0.001 0.001 0.0209686215607746 0.0635383305139851 15.0544345019204
-0.00478059472065612 0.11081374977124 0.001 0.001 -0.00280018316806766 0.110843830572933 3.85290810767379
0.266851153006869 0.0330857703844205 0.001 0.001 0.268188855867951 0.0321258850535623 7.52048468538689
0.104734706353033 -0.00366825568493786 0.001 0.001 0.105004597414617 -0.00180248447432228 2.36469201495401
-0.0980487258000455 -0.108376755177311 0.001 0.001 -0.0973373347375191 -0.106143793950574 2.78474082128885
0.00884301588555291 -0.0277178471906802 0.001 0.001 0.00881300522676848 -0.0281774030637994 5.3585816046367
0.408590095797711 -0.0166321844585768 0.001 0.001 0.406609407256288 -0.0173414526984027 44.9135358019427
0.00273488859397982 -0.048711286778507 0.001 0.001 0.00214082826357752 -0.0491997455107243 11.870018267682
0.586705132403676 -0.587769056227778 0.001 0.001 0.58637133420403 -0.587434454980611 147.940946898264
-0.023310888304375 -0.0427106131122275 0.001 0.001 -0.0216021402327387 -0.0418100094009029 20.5239100475364
-0.0145749380065076 -0.0243446994261252 0.001 0.001 -0.0137350008790271 -0.024821030830372 128.63257422867
-0.0275444516547056 0.0390709792971378 0.001 0.001 -0.0266466521885869 0.0381593678693093 3.09411687451868
-0.0683600150238644 -0.388358491599664 0.001 0.001 -0.0681874590509031 -0.388211603939818 174.000318931467
0.112541623531103 0.3624926939016 0.001 0.001 0.112821837882034 0.362355441451342 4.507921922661
-0.0357534352059639 0.0289192769318488 0.001 0.001 -0.0360704434263301 0.0299016599506127 2.01269390806952
-0.142259804314679 0.250994896452203 0.001 0.001 -0.141896460790738 0.251686740808944 2.26452358512677
-0.062680711447648 0.0892623132935128 0.001 0.001 -0.0610440520153482 0.089918905961273 3.65872486642263
-0.0674270829932 -0.00624802017240064 0.001 0.001 -0.0682153309914918 -0.00565889540538298 93.6353199219214
0.114543114934619 -0.0622320469837736 0.001 0.001 0.113265432437535 -0.0639995189909316 2.68002376145641
0.0821495990499019 0.138165223220187 0.001 0.001 0.081449273296282 0.137605179738322 67.8273038661076
0.0632011654311786 0.0341709374145074 0.001 0.001 0.0626253912399684 0.0346395145822899 3.51059134480888
-0.0909820912254417 0.0289919661207697 0.001 0.001 -0.0882375239177627 0.0281190394546454 35.3959383202218
-0.0693971200211527 0.0575940164446377 0.001 0.001 -0.0699492374672474 0.0580394208373904 6.22670079171143
0.254463420528078 -0.379391319707508 0.001 0.001 0.25437302815784 -0.378581569841267 10.78688542592
-0.120570748736767 -0.20263569456724 0.001 0.001 -0.120426352132363 -0.201977690358452 1.39086014405528
0.0338798855971115 0.0212647029357837 0.001 0.001 0.0345113333748728 0.0230741383832621 125.241218821037
-0.0460865577758268 -0.0134055816791556 0.001 0.001 -0.0464982503036638 -0.0144816971336185 2.2514250495692
-0.0600883438517783 0.112653896095175 0.001 0.001 -0.0601659394355697 0.113227585989829 1.10819719732643
0.0539638963540505 0.00485134845222159 0.001 0.001 0.0551265178510402 0.00355832275640579 1.10307418175782
-0.0341085830690566 0.00916605246961782 0.001 0.001 -0.0331733732252462 0.00863294941521289 5.61983046699623
-0.0809321693776544 -0.0125586004676629 0.001 0.001 -0.081092195121761 -0.0112101120623402 12.3572613975578
0.0223677418468053 0.0602233379912945 0.001 0.001 0.0205300717126237 0.06105088579302 1.90037869878578
-0.168855995261722 -0.266444164067797 0.001 0.001 -0.169977654085585 -0.266117169482248 3.94289335943664
0.0501588167872977 0.00347131739819323 0.001 0.001 0.0512269381663463 0.00270486689923294 62.5318400831197
-0.230033243127755 0.172654266722117 0.001 0.001 -0.228368066557394 0.173253394618628 87.983109558315
-0.577731737597166 -0.108381830004693 0.001 0.001 -0.577450822799878 -0.108014195670517 4.76707462353243
-0.219337364680718 0.357860932753192 0.001 0.001 -0.220519022335728 0.358975746918235 2.61896180385644
0.060084015431989 0.0363990264844354 0.001 0.001 0.0611691385996654 0.0363121965537415 20.6323370445402
-0.0801086374348552 0.252042764880626 0.001 0.001 -0.0804336087927855 0.250133456739534 1.17132082857564
-0.10386168304122 0.0490523814556697 0.001 0.001 -0.103732436643337 0.049849380267367 63.6176998532325
-0.0814454679597531 -0.0190958525317026 0.001 0.001 -0.081116119220714 -0.0200884259223571 16.0603152209488
0.200344795877882 0.0982031847546082 0.001 0.001 0.200100044427423 0.0975300707214556 14.3699859479924
0.52616124904837 -0.0666683236739623 0.001 0.001 0.526241975807591 -0.0650386430803922 20.4960406773408
-0.233344675197883 -0.0591704316967533 0.001 0.001 -0.234134545694386 -0.0586601127186713 135.44925720002
-0.0119961374182684 -0.0199828238653057 0.001 0.001 -0.0114336942771755 -0.0185031771073174 8.72578978686381
-0.00850378602036787 0.101946874236051 0.001 0.001 -0.00865557504331568 0.102467473870559 223.702849980919
-0.0246524125476379 -0.0292746601232594 0.001 0.001 -0.0255086783482783 -0.0291676991572033 217.815731119999
0.0278349991477284 0.0377552156221147 0.001 0.001 0.028950380277622 0.0380002474224102 152.510552434581
0.00478870652528105 -0.0512979222310147 0.001 0.001 0.00370290379380716 -0.0508925844793307 10.4538631665879
0.156918466791508 0.0711265101474484 0.001 0.001 0.157360447596852 0.070109024041351 67.5984919927923
0.0284431569318153 -0.0440392344033224 0.001 0.001 0.0269889342959858 -0.0445284568221225 238.868067724455
-0.0666696801942313 0.57066845259035 0.001 0.001 -0.0649420822618432 0.570220912836027 3.03400942186875
-0.0241654699606719 0.0153378339725481 0.001 0.001 -0.0248108087677296 0.0155003832919705 7.64050331972899
-0.0305866500536244 -0.105496976191496 0.001 0.001 -0.0304799911907399 -0.104099394369325 26.2889459960618
-0.033502573504012 0.00304753478173267 0.001 0.001 -0.033085909552878 0.00263975180646021 7.22601854881858
-0.463586490081548 -0.403777494085731 0.001 0.001 -0.462712517074031 -0.40179271098627 2.46618686389374
0.40446291656235 -0.262800998302692 0.001 0.001 0.403932247206186 -0.261540650227036 19.3898114539958
0.231246495389582 0.482379881924601 0.001 0.001 0.233883369459128 0.481647337869694 1.8560634260095
0.0429397852072459 -0.0228719686595132 0.001 0.001 0.041235849203552 -0.0242948487101726 143.898879656675
-0.122351015126287 0.0115600782004165 0.001 0.001 -0.123461252721119 0.0123589859661725 15.0009767761547
0.405778959529051 0.569817146813885 0.001 0.001 0.405570926711868 0.570370691280975 287.800064410465
0.164772967958254 0.0740464204677518 0.001 0.001 0.162317185379062 0.0740869345285917 4.40447513161034
-0.0932032436338621 0.0693751727934911 0.001 0.001 -0.0937183280391221 0.0690824033194592 3.0776281537903
-0.0469444093214681 -0.0480096839953842 0.001 0.001 -0.0457807281983514 -0.0487259671735663 50.8688952393383
-0.26999568827027 -0.310566718677135 0.001 0.001 -0.269180451832188 -0.310994552109384 5.82189885722017
-0.0183928756562534 -0.0403115498050196 0.001 0.001 -0.0193643535606588 -0.0389680653328923 7.93104022890403
0.0270633164507494 0.0393905945876273 0.001 0.001 0.0258912137945648 0.0374023666323697 1.59849117467333
0.120331476755405 0.0789515671527239 0.001 0.001 0.120755484340143 0.0787504818942283 46.1661240047188
-0.614064723144176 0.342590962801142 0.001 0.001 -0.614930513681887 0.342380754254642 2.81150213154855
0.0554751747958992 0.043013818638245 0.001 0.001 0.054900485967514 0.0450126138797373 7.93388171473025
-0.0249090555845368 -0.000672915220473715 0.001 0.001 -0.0258554422938165 -0.00129236702020785 23.8606092431689
0.250697427800846 0.56093574908397 0.001 0.001 0.251645098499733 0.560478139814039 15.7652811054642
0.00663244543547799 0.0617102294366915 0.001 0.001 0.00752761241932766 0.0624454421220838 39.4865749263274
0.046694282965107 -0.134627846751993 0.001 0.001 0.0471432719010776 -0.134928012192521 1.06004031021919
-0.0318501453060797 0.0370293196907091 0.001 0.001 -0.0315505539873877 0.0379643802997763 53.320416552227
0.0310941412980373 0.053797011278353 0.001 0.001 0.032059283306741 0.0533874150705399 3.88636961999165
0.14313653997454 -0.139342513180443 0.001 0.001 0.142986470278776 -0.139710360117682 2.36780066331207
-0.057334847024828 0.0459892009937465 0.001 0.001 -0.0567301079086097 0.0464677723391502 40.4918520396154
-0.029608860306822 -0.00375578846292392 0.001 0.001 -0.0298476511091209 -0.00370193544191064 40.5450347402103
-0.102182778632317 -0.0182563844160127 0.001 0.001 -0.102004263214539 -0.0169941834349598 7.81717404771719
-0.0409890156938806 -0.00863541393916807 0.001 0.001 -0.0410599110144496 -0.00960796816631356 49.7105071181049
-0.0324333137323002 0.0241621952639554 0.001 0.001 -0.0319319102900194 0.0252160301710565 21.5420187969437
0.332641262813241 0.0826187229560153 0.001 0.001 0.331958767743178 0.0818345728735387 78.9905711573895
-0.0279815268795458 -0.058200481414576 0.001 0.001 -0.0288324100383458 -0.0582755289830757 56.7396999663474
-0.193602597084215 -0.485648978590403 0.001 0.001 -0.195055167300267 -0.48460614339915 50.5063240814087
0.237831136567814 -0.469622269417812 0.001 0.001 0.237792725254934 -0.470967713955928 42.7730544174715
0.0492666273566171 -0.699402872673915 0.001 0.001 0.0484622771715847 -0.700827647194861 2.12693058448282
-0.0519420756667429 0.00710559451933202 0.001 0.001 -0.0517920202202294 0.00750983084239475 50.2884458375355
-0.0317685582140298 0.0566615869328554 0.001 0.001 -0.0296883149754366 0.0565625036145968 60.2768596028241
0.00214393173931369 0.0290764793906516 0.001 0.001 0.00120678154784817 0.0277562889468568 314.42477531229
-0.0238871615604308 -0.0850734422501789 0.001 0.001 -0.0251178274980343 -0.0853492841446077 2.35938403949041
0.01886205445174 -0.199873211235267 0.001 0.001 0.0194004501506715 -0.202010797699536 125.520702060732
-0.0451731467224788 -0.0297975828756743 0.001 0.001 -0.0468621203613346 -0.0302249648337842 19.4991658031511
-0.553030269289923 -0.00331466778779336 0.001 0.001 -0.551846885256513 -0.00460028030205103 95.854090434431
-0.0493064361822973 -0.0699614346442289 0.001 0.001 -0.0491180564661042 -0.0694829151703705 14.9947152725553
-0.0665903169557628 0.286237162294107 0.001 0.001 -0.0661207974701981 0.286477195535401 1.04611544848755
-0.0589533481774046 0.100521487501749 0.001 0.001 -0.0560763149122152 0.1006902192919 7.47573607586673
0.255941174132157 0.185720059927245 0.001 0.001 0.255050544995781 0.185524284208968 34.010848246586
0.198265679007945 0.102916310610038 0.001 0.001 0.198650966436958 0.102579830851953 58.5160706715211
0.0136710723599986 0.030110011442771 0.001 0.001 0.0136374086538201 0.0310664274656964 348.539790841655
0.0741379312672313 -0.0419509550772366 0.001 0.001 0.0750645432756938 -0.0419161243606926 31.0336837316798
-0.0834618312443617 -0.0830896253565144 0.001 0.001 -0.0831986567678415 -0.0823884664244153 6.41883486746831
0.374351692106624 -0.0888470779857457 0.001 0.001 0.375800275325134 -0.0889831530114237 8.3897811692898
-0.0378805209145134 0.0146611571972747 0.001 0.001 -0.0377279206080259 0.0167086373176786 204.073886247519
-0.0403907952443618 -0.0777051992959823 0.001 0.001 -0.0399658393363999 -0.0790485139711886 1.12375754540948
-0.00253080169737073 0.0168685954579133 0.001 0.001 -0.0040612707795414 0.0170047443353747 65.8919007232907
-0.0128343203095798 0.0652288524765257 0.001 0.001 -0.0124747058818119 0.0651093732131992 1.44362416388151
-0.0813993787770085 -0.147075829587323 0.001 0.001 -0.0816842784620719 -0.148249929970601 1.32494084579881
0.10780062547618 -0.149894233037157 0.001 0.001 0.10656804894731 -0.147651279773978 161.081515682445
-0.00287630153081478 -0.00577267868178759 0.001 0.001 -0.00514395153048971 -0.00627907307352704 55.0927452689244
-0.028638814622444 -0.0201707923331384 0.001 0.001 -0.02790744106364 -0.0189232059508179 12.3719025837605
-0.0135639812393717 0.0230688057564429 0.001 0.001 -0.0142692149286188 0.0223313063554486 220.191113475249
-0.0956368751220439 0.0581101528495605 0.001 0.001 -0.0957030891530508 0.0585957533612241 69.873240209735
0.0336133445727409 -0.0811308039587608 0.001 0.001 0.034798052187189 -0.0810178512779301 9.51662428836709
0.00740369694064892 0.0562215180806113 0.001 0.001 0.00638001079569354 0.057207713185612 145.732377578697
0.0206995164873185 0.032448494137588 0.001 0.001 0.0202588834177063 0.0316413948703521 3.71421946047266
-0.0424698795766505 -0.0266769868750233 0.001 0.001 -0.0424855045883253 -0.0242599445387946 2.97020738312107
-0.0387645666277951 -0.0845880432227904 0.001 0.001 -0.0400325675238175 -0.0823353384746787 39.7742140488157
-0.067070592930456 0.0310863416758212 0.001 0.001 -0.0667966908692536 0.0307078033393473 5.82383343045747
0.000143082429888565 0.0351474135210667 0.001 0.001 -0.00101010450032809 0.0353010469166469 75.3912311145672
0.161245816828766 0.404164583661315 0.001 0.001 0.160759418204433 0.405586546628409 36.7646344758959
-0.00191612784170482 -0.0588874605350498 0.001 0.001 -0.00425703246237672 -0.0595875467271042 6.55568898046989
0.0679701908275455 0.0378843477046953 0.001 0.001 0.0677757467492525 0.0371908513927576 5.42023853878922
0.103167038217369 -0.661084240745337 0.001 0.001 0.10306527212385 -0.660825455611059 186.598238458816
-0.00122814231865082 0.0388370944174873 0.001 0.001 -0.00159588124941815 0.0382663433323883 6.03014618009776
-0.285256422874141 -0.271514834078304 0.001 0.001 -0.284337574140932 -0.268748192978933 181.386528586543
0.0875882450707978 -0.0425747709031301 0.001 0.001 0.0876414725033633 -0.0434563225819359 165.258160169914
0.435016166500524 0.252723124004877 0.001 0.001 0.436104901688748 0.252918660895511 7.14403312659842
-0.00648830242129073 0.0135373606990354 0.001 0.001 -0.00643139983342456 0.0139829174517808 205.881279185943
0.162709855396758 -0.0204336803109112 0.001 0.001 0.162754800843558 -0.0206698855266644 1.2273198727429
0.015706072248325 0.038284009799039 0.001 0.001 0.0156114252185418 0.0377361458690646 1.10906059130055
0.272609516261471 -0.0672213694387706 0.001 0.001 0.273663259843057 -0.0663603301385345 15.1277302803002
0.0333947848875892 -0.0537077523186422 0.001 0.001 0.0335839883950229 -0.0527222446433587 356.837930467799
0.00710900720036737 0.0277952782945972 0.001 0.001 0.00803460709079087 0.0268099583625913 185.664076375587
0.45105912186682 0.842174528996217 0.001 0.001 0.450220425922159 0.843399585369032 21.8500653838638
-0.0329988829262081 0.0833840413262836 0.001 0.001 -0.0325557798102137 0.082278017170608 2.02358899946002
-0.737021640038412 0.47509712710553 0.001 0.001 -0.737511098856179 0.474847014470032 75.1375376707623
0.108177988145569 -0.0688440507701758 0.001 0.001 0.108568422633746 -0.0686492580006996 1.90479360706037
0.0375670768999737 0.0119973742516106 0.001 0.001 0.0378163418509678 0.0105750998675048 1.28264935555758
-0.0792819919040752 -0.0768045553677843 0.001 0.001 -0.0796663508801819 -0.0774593940058303 34.371250806531
-0.00638757960311332 0.256059786536472 0.001 0.001 -0.00480848718535505 0.255034297132712 11.0601918066864
-0.0237010792568578 0.0318038137796752 0.001 0.001 -0.0237576745577772 0.0314445688704987 330.219008204314
-0.0575841340633104 0.047441578534274 0.001 0.001 -0.0556928848648228 0.0465250277258883 1.40852635328489
0.106869379483811 0.283232665259289 0.001 0.001 0.106372805815404 0.283586007591257 10.3197729434733
-0.00795525266048719 0.0233866374760488 0.001 0.001 -0.00735838544534853 0.0223290080715846 65.6352993606444
0.0875863911887219 0.0446922032556884 0.001 0.001 0.0867111638644403 0.0451347338967329 10.8577619070446
-0.0407808310150102 -0.0270965658507281 0.001 0.001 -0.0418156639942115 -0.0271715116531355 3.44886140577334
-0.253571948969975 0.0776118705527555 0.001 0.001 -0.254095306967325 0.0769252886227754 6.92404597408217
0.348449661120792 0.360887468605361 0.001 0.001 0.350515783631629 0.36102935661593 3.00465248426835
0.0459003727361961 0.151479044354853 0.001 0.001 0.0474585284894279 0.151613621934788 1.56911717783209
0.043723221090086 0.00994932120222103 0.001 0.001 0.0436434399015368 0.00913325140653663 4.32743236175564
-0.0360687630137714 0.0526832197220329 0.001 0.001 -0.0367653167794575 0.054830095525347 1.19976805334607
0.0345049998883091 -0.0248290774127659 0.001 0.001 0.0366823914181044 -0.0263787114951413 37.9947270294893
-1.02285303457185e-05 0.0219063353233209 0.001 0.001 0.000834320190974012 0.0220649990661446 97.0052535328446
-0.0510322342245708 0.0203617663473209 0.001 0.001 -0.0534444138625454 0.021614162619399 134.296998960571
-0.0190426379013939 -0.0939632846259331 0.001 0.001 -0.0212420446973776 -0.0952209812436369 270.824910267094
-0.693696876842425 0.300946566271176 0.001 0.001 -0.694329026737487 0.301000897044349 12.3217971994691
0.0413548813212857 -0.0221584056478293 0.001 0.001 0.039351271832417 -0.020045908772327 16.7151120275964
-0.40153856550792 0.144743380201321 0.001 0.001 -0.399917549199259 0.145513343586692 4.43131639225936
-0.0210368512828395 -0.0270119625873773 0.001 0.001 -0.0211999322620183 -0.0272472976378435 35.4648624684268
0.0677256588211987 0.0898773695848688 0.001 0.001 0.0685451429740405 0.0912588132687336 42.5042149137963
-0.06811850676267 0.407183431663178 0.001 0.001 -0.0657948183228598 0.407661307623236 93.7960177849142
-0.00906995100220813 0.06456104388309 0.001 0.001 -0.00839832336766003 0.0646632455583537 1.69512358034318
-0.00784489297061011 0.0942684892436931 0.001 0.001 -0.00748350763997819 0.093749663451452 1.63583688590277
-0.0243576149340433 0.0326306404313013 0.001 0.001 -0.0250772923693271 0.0320267435623833 2.31139600268157
-0.24285513329697 -0.386872918022991 0.001 0.001 -0.243068337509856 -0.388161679547044 34.8812846146298
-0.105129215838002 0.137462580250166 0.001 0.001 -0.10594146198612 0.137354562865594 1.72602156285868
0.043243268127393 -0.0374366586729251 0.001 0.001 0.0421944138722765 -0.0362016628221479 6.79208832338032
0.160905915532567 0.00279303972815557 0.001 0.001 0.162175465719082 0.00276514740804017 1.5832811800635
-0.0346748018077775 -0.150138526781143 0.001 0.001 -0.0363583935233621 -0.148558370649115 73.3637104224775
-0.276212100979248 0.290776659896178 0.001 0.001 -0.276837373744265 0.290414737746503 243.983121878808
-0.0321720778925067 0.0455318177360949 0.001 0.001 -0.032280057072524 0.0461367746425987 40.6451631613698
-0.156142136105245 -0.0993902977231778 0.001 0.001 -0.157496774142603 -0.0992893165749474 1.01496991340867
0.0553449669688222 0.00393983509488957 0.001 0.001 0.0540461559750045 0.00354137959200441 1.11235378871347
-0.0125241591591992 0.0186936383545143 0.001 0.001 -0.0119269639088743 0.0200295909430223 11.114112150555
0.0286800060225668 0.0410641017049719 0.001 0.001 0.0285437364473909 0.0411212839964154 2.28530900187866
0.396896809233963 -0.214782097254606 0.001 0.001 0.397661427985573 -0.214852303667374 38.3068918464091
0.256898208082593 -0.587037500244298 0.001 0.001 0.256185566025879 -0.58668392919696 10.1094976471724
0.0910296187823763 -0.0207993575737377 0.001 0.001 0.0896769271052758 -0.021742660876305 79.0407648165029
-0.0526635602713665 -0.0445420708899451 0.001 0.001 -0.0510940661853497 -0.0438007091793914 7.60861984837382
0.2864214348558 0.459053649788591 0.001 0.001 0.287945929058112 0.459038494213239 226.338378279752
0.0510138397628172 -0.116754160933376 0.001 0.001 0.0491024161097975 -0.116630907707178 6.6926120222249
-0.0518306962797578 0.013828864875221 0.001 0.001 -0.0526198467069989 0.0144243180663463 24.0033287613123
-0.0826190213498869 0.0170932219828217 0.001 0.001 -0.0818007440451243 0.0164284051506412 219.124419119784
-0.0236867875294565 -0.0351971530596233 0.001 0.001 -0.0219551966228644 -0.0348826575278754 1.05445949139735
0.0126426558621694 -0.0607144244285757 0.001 0.001 0.0137612448165361 -0.0589497855863764 23.1159686075107
-0.063323496619229 -0.0839565318585121 0.001 0.001 -0.0629111802413169 -0.0830185895583412 1.0990098017969
0.0659293139808385 -0.346854923333984 0.001 0.001 0.0650634169227505 -0.348214169881014 2.15329857457147
-0.00492415809282095 0.0170178601446595 0.001 0.001 -0.00528842525060537 0.0160555526108356 24.3054538804114
-0.0302412625601544 0.0626382115182916 0.001 0.001 -0.0293143573469338 0.0633204194493745 6.75469129080185
-0.0644897266438874 -0.0371419446084066 0.001 0.001 -0.0653337538448034 -0.0355594526815755 98.753092637809
-0.024176237192589 -0.0453509845196166 0.001 0.001 -0.0235838724960908 -0.045586092528695 87.220157109089
-0.0132429919517235 0.0631489148738293 0.001 0.001 -0.0132189698237757 0.061486556613682 186.898347732468
0.255369604452085 0.176424152643613 0.001 0.001 0.256655172064554 0.177285804732665 1.70651784053168
0.354429191690701 -0.217416072440068 0.001 0.001 0.353650759950104 -0.216635175663345 363.150935540684
0.0152914034031451 0.0592682490270013 0.001 0.001 0.0158816902752315 0.0592724963596888 88.4568193319155
-0.136995796918261 0.063126326958109 0.001 0.001 -0.137368522744639 0.0622965806197283 153.028812971413
0.0192219331373395 -0.00205230089488373 0.001 0.001 0.0194645597722348 -0.000330147728622134 170.2149848183
-0.0030319065358192 -0.0372693814092958 0.001 0.001 -0.00352047440895334 -0.0375801656373265 46.7689038197487
-0.0177368807143637 -0.103822101237099 0.001 0.001 -0.0166085394657816 -0.103802970180726 1.96365251481561
0.0253332648024849 0.0928158587534278 0.001 0.001 0.0253117620639637 0.0927791950856356 230.924865507079
-0.118381608587856 0.345001152469051 0.001 0.001 -0.117624270250776 0.346332020695022 9.62717455399077
0.117067056620766 0.0314060746927888 0.001 0.001 0.117643784493726 0.0310716239586621 5.84320549093801
-0.0618196030214143 -0.0113413127231342 0.001 0.001 -0.061094201834377 -0.0116630331114652 1.86498373016104
0.840956042398707 -0.228971714757267 0.001 0.001 0.839977637351269 -0.228600044286145 226.22977456871
0.043386594117325 0.0352987228455128 0.001 0.001 0.0409401061016948 0.0360450900639167 318.838366958902
0.0593870485708036 -0.109077923238501 0.001 0.001 0.0599817821016494 -0.109841112746812 246.324200691437
-0.139886798766644 -0.313491803862273 0.001 0.001 -0.139698629612291 -0.312844245495963 96.4012175265433
0.0754439427601908 0.00244939755490768 0.001 0.001 0.0766227944961032 0.000321771794674192 6.58144207525833
0.0184071632387462 0.0645686513255435 0.001 0.001 0.0196177831473462 0.0645581595248181 1.7529251063536
-0.0461605415300039 0.00971703286384894 0.001 0.001 -0.048072986793852 0.00799164285959661 17.7440159752643
0.101097355887111 0.511901782311527 0.001 0.001 0.10225408984682 0.510954937309457 18.9673556825747
-0.0204359594547869 0.030058823297903 0.001 0.001 -0.0207957682454943 0.0314172419806291 84.3152188959482
0.0780142859147823 0.0390092734417064 0.001 0.001 0.0771763721188547 0.0398359691628991 1.70923061366038
-0.125079567417368 0.05791559653855 0.001 0.001 -0.123719336135975 0.0579329359447275 2.11784299918411
0.448187578038207 -0.260775489304348 0.001 0.001 0.446486064034426 -0.261066323045508 50.2235461675068
